# unix_time, cycles_done, cur_path, paths_total, pending_total, pending_favs, map_size, unique_crashes, unique_hangs, max_depth, execs_per_sec
1616585792, 0, 0, 3, 3, 1, 0.01%, 0, 0, 1, 2666.67
1616585797, 2, 2, 9, 1, 0, 0.02%, 1, 0, 2, 3485.30
1616585802, 6, 2, 10, 0, 0, 0.03%, 1, 0, 2, 3621.53
1616585807, 11, 0, 10, 0, 0, 0.03%, 1, 0, 2, 3665.39
1616585812, 15, 6, 10, 0, 0, 0.03%, 1, 0, 2, 3608.97
1616585817, 20, 5, 10, 0, 0, 0.03%, 1, 0, 2, 3693.98
1616585823, 24, 9, 10, 0, 0, 0.03%, 1, 0, 2, 3321.98
1616585828, 29, 3, 10, 0, 0, 0.03%, 1, 0, 2, 3517.41
1616585833, 33, 6, 10, 0, 0, 0.03%, 1, 0, 2, 3351.27
1616585838, 38, 1, 10, 0, 0, 0.03%, 1, 0, 2, 3489.82
1616585843, 42, 1, 10, 0, 0, 0.03%, 1, 0, 2, 3261.66
1616585848, 46, 9, 10, 0, 0, 0.03%, 1, 0, 2, 3361.44
1616585853, 51, 3, 10, 0, 0, 0.03%, 1, 0, 2, 3576.25
1616585858, 55, 8, 10, 0, 0, 0.03%, 1, 0, 2, 3204.79
1616585864, 60, 9, 10, 0, 0, 0.03%, 1, 0, 2, 3727.87
1616585869, 66, 1, 10, 0, 0, 0.03%, 1, 0, 2, 3849.53
1616585874, 70, 1, 10, 0, 0, 0.03%, 1, 0, 2, 3217.85
1616585879, 74, 1, 10, 0, 0, 0.03%, 1, 0, 2, 3113.70
1616585884, 78, 5, 10, 0, 0, 0.03%, 1, 0, 2, 3338.16
1616585889, 83, 4, 10, 0, 0, 0.03%, 1, 0, 2, 3735.61
1616585894, 88, 9, 10, 0, 0, 0.03%, 1, 0, 2, 3966.77
1616585900, 94, 1, 10, 0, 0, 0.03%, 1, 0, 2, 3882.37
1616585905, 99, 4, 10, 0, 0, 0.03%, 1, 0, 2, 3978.97
1616585910, 104, 6, 10, 0, 0, 0.03%, 1, 0, 2, 4012.13
1616585915, 109, 8, 10, 0, 0, 0.03%, 1, 0, 2, 3972.47
1616585920, 115, 0, 10, 0, 0, 0.03%, 1, 0, 2, 3979.20
1616585925, 120, 4, 10, 0, 0, 0.03%, 1, 0, 2, 4018.51
1616585930, 125, 5, 10, 0, 0, 0.03%, 1, 0, 2, 3886.73
1616585935, 130, 5, 10, 0, 0, 0.03%, 1, 0, 2, 3655.94
1616585940, 135, 4, 10, 0, 0, 0.03%, 1, 0, 2, 3799.01
1616585946, 140, 7, 10, 0, 0, 0.03%, 1, 0, 2, 3953.51
1616585951, 146, 0, 10, 0, 0, 0.03%, 1, 0, 2, 3986.83
1616585956, 151, 2, 10, 0, 0, 0.03%, 1, 0, 2, 3947.95
1616585961, 155, 3, 10, 0, 0, 0.03%, 1, 0, 2, 3302.44
1616585966, 160, 6, 10, 0, 0, 0.03%, 1, 0, 2, 3847.39
1616585971, 166, 1, 10, 0, 0, 0.03%, 1, 0, 2, 3985.02
1616585976, 171, 5, 10, 0, 0, 0.03%, 1, 0, 2, 4064.26
1616585982, 176, 8, 10, 0, 0, 0.03%, 1, 0, 2, 4011.50
1616585987, 181, 9, 10, 0, 0, 0.03%, 1, 0, 2, 3933.31
1616585992, 187, 0, 10, 0, 0, 0.03%, 1, 0, 2, 3921.91
1616585997, 192, 1, 10, 0, 0, 0.03%, 1, 0, 2, 3894.08
1616586002, 197, 4, 10, 0, 0, 0.03%, 1, 0, 2, 3933.25
1616586007, 202, 2, 10, 0, 0, 0.03%, 1, 0, 2, 3675.61
1616586012, 207, 2, 10, 0, 0, 0.03%, 1, 0, 2, 3796.62
1616586017, 211, 3, 10, 0, 0, 0.03%, 1, 0, 2, 3367.51
1616586022, 215, 9, 10, 0, 0, 0.03%, 1, 0, 2, 3253.71
1616586028, 220, 5, 10, 0, 0, 0.03%, 1, 0, 2, 3480.03
1616586033, 224, 9, 10, 0, 0, 0.03%, 1, 0, 2, 3387.60
1616586038, 229, 7, 10, 0, 0, 0.03%, 1, 0, 2, 3532.69
1616586043, 234, 1, 10, 0, 0, 0.03%, 1, 0, 2, 3438.23
1616586048, 239, 2, 10, 0, 0, 0.03%, 1, 0, 2, 3663.15
1616586053, 244, 2, 10, 0, 0, 0.03%, 1, 0, 2, 3821.35
1616586058, 249, 3, 10, 0, 0, 0.03%, 1, 0, 2, 3756.69
1616586064, 253, 8, 10, 0, 0, 0.03%, 1, 0, 2, 3466.95
1616586069, 258, 4, 10, 0, 0, 0.03%, 1, 0, 2, 3498.85
1616586074, 262, 8, 10, 0, 0, 0.03%, 1, 0, 2, 3308.98
1616586079, 267, 5, 10, 0, 0, 0.03%, 1, 0, 2, 3387.47
1616586084, 271, 7, 10, 0, 0, 0.03%, 1, 0, 2, 3212.43
1616586090, 276, 1, 10, 0, 0, 0.03%, 1, 0, 2, 3451.63
1616586095, 280, 5, 10, 0, 0, 0.03%, 1, 0, 2, 3425.55
1616586100, 284, 6, 10, 0, 0, 0.03%, 1, 0, 2, 3261.23
1616586105, 289, 0, 10, 0, 0, 0.03%, 1, 0, 2, 3459.30
1616586110, 293, 4, 10, 0, 0, 0.03%, 1, 0, 2, 3327.11
1616586115, 297, 8, 10, 0, 0, 0.03%, 1, 0, 2, 3220.39
1616586120, 301, 9, 10, 0, 0, 0.03%, 1, 0, 2, 3227.47
1616586125, 306, 5, 10, 0, 0, 0.03%, 1, 0, 2, 3433.24
1616586130, 311, 2, 10, 0, 0, 0.03%, 1, 0, 2, 3615.51
1616586136, 315, 8, 10, 0, 0, 0.03%, 1, 0, 2, 3482.87
1616586141, 320, 7, 10, 0, 0, 0.03%, 1, 0, 2, 3640.45
1616586146, 325, 4, 10, 0, 0, 0.03%, 1, 0, 2, 3547.58
1616586151, 329, 9, 10, 0, 0, 0.03%, 1, 0, 2, 3462.25
1616586156, 334, 5, 10, 0, 0, 0.03%, 1, 0, 2, 3510.86
1616586161, 338, 7, 10, 0, 0, 0.03%, 1, 0, 2, 3350.16
1616586166, 343, 2, 10, 0, 0, 0.03%, 1, 0, 2, 3399.31
1616586171, 347, 5, 10, 0, 0, 0.03%, 1, 0, 2, 3308.11
1616586177, 352, 1, 10, 0, 0, 0.03%, 1, 0, 2, 3477.56
1616586182, 356, 6, 10, 0, 0, 0.03%, 1, 0, 2, 3321.84
1616586187, 361, 0, 10, 0, 0, 0.03%, 1, 0, 2, 3566.73
1616586192, 365, 6, 10, 0, 0, 0.03%, 1, 0, 2, 3360.88
1616586197, 369, 9, 10, 0, 0, 0.03%, 1, 0, 2, 3468.40
1616586202, 374, 1, 10, 0, 0, 0.03%, 1, 0, 2, 3239.43
1616586207, 378, 8, 10, 0, 0, 0.03%, 1, 0, 2, 3423.67
1616586213, 383, 5, 10, 0, 0, 0.03%, 1, 0, 2, 3475.01
1616586218, 387, 9, 10, 0, 0, 0.03%, 1, 0, 2, 3275.21
1616586223, 393, 0, 10, 0, 0, 0.03%, 1, 0, 2, 3738.19
1616586228, 397, 5, 10, 0, 0, 0.03%, 1, 0, 2, 3348.40
1616586233, 402, 3, 10, 0, 0, 0.03%, 1, 0, 2, 3627.82
1616586238, 407, 2, 10, 0, 0, 0.03%, 1, 0, 2, 3605.61
1616586244, 411, 8, 10, 0, 0, 0.03%, 1, 0, 2, 3511.91
1616586249, 416, 8, 10, 0, 0, 0.03%, 1, 0, 2, 3768.28
1616586254, 421, 7, 10, 0, 0, 0.03%, 1, 0, 2, 3772.09
1616586259, 426, 9, 10, 0, 0, 0.03%, 1, 0, 2, 3851.91
1616586264, 431, 0, 10, 0, 0, 0.03%, 1, 0, 2, 3244.82
1616586269, 435, 9, 10, 0, 0, 0.03%, 1, 0, 2, 3772.53
1616586274, 440, 6, 10, 0, 0, 0.03%, 1, 0, 2, 3760.50
1616586279, 445, 9, 10, 0, 0, 0.03%, 1, 0, 2, 3806.17
1616586285, 450, 4, 10, 0, 0, 0.03%, 1, 0, 2, 3409.71
1616586290, 455, 6, 10, 0, 0, 0.03%, 1, 0, 2, 3779.13
1616586295, 460, 9, 10, 0, 0, 0.03%, 1, 0, 2, 3880.26
1616586300, 466, 3, 10, 0, 0, 0.03%, 1, 0, 2, 3914.35
1616586305, 471, 6, 10, 0, 0, 0.03%, 1, 0, 2, 3871.27
1616586311, 476, 9, 10, 0, 0, 0.03%, 1, 0, 2, 4026.45
1616586316, 482, 0, 10, 0, 0, 0.03%, 1, 0, 2, 4117.96
1616586321, 487, 3, 10, 0, 0, 0.03%, 1, 0, 2, 4103.62
1616586326, 492, 4, 10, 0, 0, 0.03%, 1, 0, 2, 3820.74
1616586331, 497, 5, 10, 0, 0, 0.03%, 1, 0, 2, 3934.26
1616586336, 502, 9, 10, 0, 0, 0.03%, 1, 0, 2, 4051.21
1616586341, 508, 4, 10, 0, 0, 0.03%, 1, 0, 2, 4006.53
1616586347, 513, 3, 10, 0, 0, 0.03%, 1, 0, 2, 3652.45
1616586352, 517, 3, 10, 0, 0, 0.03%, 1, 0, 2, 3125.28
1616586357, 522, 4, 10, 0, 0, 0.03%, 1, 0, 2, 3741.72
1616586362, 526, 9, 10, 0, 0, 0.03%, 1, 0, 2, 3504.75
1616586367, 532, 0, 10, 0, 0, 0.03%, 1, 0, 2, 3614.61
1616586372, 537, 0, 10, 0, 0, 0.03%, 1, 0, 2, 3748.97
1616586377, 541, 2, 10, 0, 0, 0.03%, 1, 0, 2, 3369.96
1616586383, 545, 8, 10, 0, 0, 0.03%, 1, 0, 2, 3509.41
1616586388, 550, 6, 10, 0, 0, 0.03%, 1, 0, 2, 3663.46
1616586393, 555, 2, 10, 0, 0, 0.03%, 1, 0, 2, 3402.70
1616586398, 559, 8, 10, 0, 0, 0.03%, 1, 0, 2, 3334.50
1616586403, 563, 8, 10, 0, 0, 0.03%, 1, 0, 2, 3221.82
1616586408, 568, 9, 10, 0, 0, 0.03%, 1, 0, 2, 3780.84
1616586413, 574, 0, 10, 0, 0, 0.03%, 1, 0, 2, 3968.42
1616586419, 579, 0, 10, 0, 0, 0.03%, 1, 0, 2, 3819.29
1616586424, 583, 5, 10, 0, 0, 0.03%, 1, 0, 2, 3355.01
1616586429, 587, 9, 10, 0, 0, 0.03%, 1, 0, 2, 3262.98
1616586434, 592, 6, 10, 0, 0, 0.03%, 1, 0, 2, 3510.01
1616586439, 597, 1, 10, 0, 0, 0.03%, 1, 0, 2, 3451.79
1616586444, 601, 5, 10, 0, 0, 0.03%, 1, 0, 2, 3390.40
1616586450, 606, 4, 10, 0, 0, 0.03%, 1, 0, 2, 3521.34
1616586455, 610, 9, 10, 0, 0, 0.03%, 1, 0, 2, 3352.56
1616586460, 615, 9, 10, 0, 0, 0.03%, 1, 0, 2, 3610.79
1616586465, 620, 5, 10, 0, 0, 0.03%, 1, 0, 2, 3327.19
1616586470, 625, 5, 10, 0, 0, 0.03%, 1, 0, 2, 3627.56
1616586476, 630, 3, 10, 0, 0, 0.03%, 1, 0, 2, 3653.85
1616586481, 634, 9, 10, 0, 0, 0.03%, 1, 0, 2, 3478.84
1616586486, 639, 5, 10, 0, 0, 0.03%, 1, 0, 2, 3513.79
1616586491, 644, 3, 10, 0, 0, 0.03%, 1, 0, 2, 3607.73
1616586496, 648, 8, 10, 0, 0, 0.03%, 1, 0, 2, 3424.10
1616586501, 653, 4, 10, 0, 0, 0.03%, 1, 0, 2, 3524.96
1616586506, 658, 4, 10, 0, 0, 0.03%, 1, 0, 2, 3729.90
1616586512, 663, 1, 10, 0, 0, 0.03%, 1, 0, 2, 3715.62
1616586517, 668, 1, 10, 0, 0, 0.03%, 1, 0, 2, 3853.48
1616586522, 673, 2, 10, 0, 0, 0.03%, 1, 0, 2, 3799.04
1616586527, 678, 4, 10, 0, 0, 0.03%, 1, 0, 2, 3928.07
1616586532, 683, 1, 10, 0, 0, 0.03%, 1, 0, 2, 3792.14
1616586538, 687, 6, 10, 0, 0, 0.03%, 1, 0, 2, 3353.74
1616586543, 692, 1, 10, 0, 0, 0.03%, 1, 0, 2, 3414.82
1616586548, 696, 9, 10, 0, 0, 0.03%, 1, 0, 2, 3542.80
1616586553, 701, 0, 10, 0, 0, 0.03%, 1, 0, 2, 3147.84
1616586558, 705, 9, 10, 0, 0, 0.03%, 1, 0, 2, 3559.10
1616586563, 710, 8, 10, 0, 0, 0.03%, 1, 0, 2, 3737.69
1616586569, 715, 0, 10, 0, 0, 0.03%, 1, 0, 2, 3525.55
1616586574, 719, 9, 10, 0, 0, 0.03%, 1, 0, 2, 3631.15
1616586579, 724, 3, 10, 0, 0, 0.03%, 1, 0, 2, 3535.14
1616586584, 728, 6, 10, 0, 0, 0.03%, 1, 0, 2, 3334.72
1616586589, 733, 4, 10, 0, 0, 0.03%, 1, 0, 2, 3598.25
1616586594, 738, 2, 10, 0, 0, 0.03%, 1, 0, 2, 3611.27
1616586599, 743, 2, 10, 0, 0, 0.03%, 1, 0, 2, 3637.04
1616586604, 748, 3, 10, 0, 0, 0.03%, 1, 0, 2, 3907.73
1616586609, 752, 9, 10, 0, 0, 0.03%, 1, 0, 2, 3526.34
1616586615, 757, 2, 10, 0, 0, 0.03%, 1, 0, 2, 3523.12
1616586620, 762, 1, 10, 0, 0, 0.03%, 1, 0, 2, 3703.43
1616586625, 767, 2, 10, 0, 0, 0.03%, 1, 0, 2, 3836.43
1616586630, 772, 5, 10, 0, 0, 0.03%, 1, 0, 2, 3882.15
1616586635, 777, 8, 10, 0, 0, 0.03%, 1, 0, 2, 3927.93
1616586640, 782, 9, 10, 0, 0, 0.03%, 1, 0, 2, 4003.89
1616586646, 787, 4, 10, 0, 0, 0.03%, 1, 0, 2, 3375.60
1616586651, 791, 3, 10, 0, 0, 0.03%, 1, 0, 2, 3094.39
1616586656, 795, 7, 10, 0, 0, 0.03%, 1, 0, 2, 3293.97
1616586661, 800, 6, 10, 0, 0, 0.03%, 1, 0, 2, 3575.92
1616586666, 805, 5, 10, 0, 0, 0.03%, 1, 0, 2, 3710.20
1616586671, 809, 9, 10, 0, 0, 0.03%, 1, 0, 2, 3473.56
1616586676, 814, 7, 10, 0, 0, 0.03%, 1, 0, 2, 3530.96
1616586681, 819, 8, 10, 0, 0, 0.03%, 1, 0, 2, 3688.55
1616586687, 824, 5, 10, 0, 0, 0.03%, 1, 0, 2, 3509.96
1616586692, 829, 3, 10, 0, 0, 0.03%, 1, 0, 2, 3607.29
1616586697, 834, 0, 10, 0, 0, 0.03%, 1, 0, 2, 3655.91
1616586702, 838, 9, 10, 0, 0, 0.03%, 1, 0, 2, 3585.42
1616586707, 843, 8, 10, 0, 0, 0.03%, 1, 0, 2, 3726.25
1616586712, 848, 6, 10, 0, 0, 0.03%, 1, 0, 2, 3791.94
1616586717, 853, 9, 10, 0, 0, 0.03%, 1, 0, 2, 4021.96
1616586722, 859, 2, 10, 0, 0, 0.03%, 1, 0, 2, 3853.11
1616586728, 863, 9, 10, 0, 0, 0.03%, 1, 0, 2, 3687.75
1616586733, 868, 9, 10, 0, 0, 0.03%, 1, 0, 2, 3665.77
1616586738, 873, 6, 10, 0, 0, 0.03%, 1, 0, 2, 3559.63
1616586743, 878, 4, 10, 0, 0, 0.03%, 1, 0, 2, 3751.71
1616586748, 883, 2, 10, 0, 0, 0.03%, 1, 0, 2, 3702.08
1616586753, 887, 9, 10, 0, 0, 0.03%, 1, 0, 2, 3714.56
1616586759, 892, 7, 10, 0, 0, 0.03%, 1, 0, 2, 3527.09
1616586764, 897, 2, 10, 0, 0, 0.03%, 1, 0, 2, 3594.35
1616586769, 901, 9, 10, 0, 0, 0.03%, 1, 0, 2, 3677.17
1616586774, 907, 0, 10, 0, 0, 0.03%, 1, 0, 2, 3834.20
1616586779, 912, 5, 10, 0, 0, 0.03%, 1, 0, 2, 3954.04
1616586784, 917, 5, 10, 0, 0, 0.03%, 1, 0, 2, 3913.70
1616586790, 922, 1, 10, 0, 0, 0.03%, 1, 0, 2, 3740.65
1616586795, 927, 4, 10, 0, 0, 0.03%, 1, 0, 2, 3867.59
